[2, 3, 3, 4, 4]
[1, 5, 5, 5, 5, 6, 7, 9, 9, 10]
[0, 2, 3, 3, 3, 4, 5, 6, 6, 6, 7, 8, 8, 14, 15]
[0, 0, 3, 3, 4, 5, 6, 6, 7, 9, 10, 10, 11, 12, 15, 15, 17, 18, 19, 20]
[0, 2, 3, 3, 4, 6, 8, 8, 10, 12, 13, 13, 13, 13, 14, 15, 17, 17, 18, 18, 18, 20, 23, 23, 25]
[1, 2, 5, 7, 9, 11, 11, 12, 12, 12, 13, 14, 16, 17, 17, 18, 18, 18, 21, 22, 22, 23, 24, 25, 27, 27, 28, 29, 29, 30]
[1, 1, 2, 3, 5, 6, 7, 10, 10, 11, 11, 11, 13, 13, 14, 15, 17, 17, 17, 19, 20, 21, 22, 22, 23, 24, 25, 26, 27, 27, 30, 33, 33, 34, 35]
[1, 2, 2, 2, 3, 4, 7, 8, 8, 9, 10, 13, 14, 14, 15, 15, 16, 18, 18, 19, 21, 24, 25, 25, 26, 27, 27, 29, 29, 29, 30, 31, 32, 34, 34, 34, 35, 35, 36, 37]
[0, 1, 2, 2, 2, 4, 6, 6, 7, 9, 10, 11, 12, 16, 16, 17, 18, 19, 19, 21, 21, 22, 24, 25, 25, 26, 27, 27, 30, 30, 30, 31, 32, 33, 34, 35, 37, 38, 38, 38, 41, 41, 43, 43, 45]
[1, 2, 4, 4, 5, 5, 7, 7, 8, 9, 9, 10, 11, 11, 12, 15, 15, 15, 16, 16, 16, 16, 20, 20, 20, 21, 23, 23, 24, 25, 27, 27, 30, 32, 33, 34, 36, 37, 37, 39, 39, 40, 43, 44, 44, 46, 47, 47, 49, 50]
[0, 2, 4, 5, 8, 8, 9, 9, 9, 10, 10, 10, 11, 12, 12, 12, 14, 14, 16, 18, 20, 20, 22, 25, 27, 27, 27, 28, 28, 29, 29, 30, 33, 33, 34, 35, 35, 36, 37, 40, 41, 42, 43, 44, 44, 46, 47, 48, 48, 50, 50, 50, 53, 55, 55]
[0, 0, 0, 1, 2, 3, 4, 4, 4, 4, 5, 6, 6, 6, 7, 7, 12, 13, 13, 16, 17, 20, 20, 21, 23, 23, 24, 24, 25, 27, 27, 28, 29, 30, 32, 33, 34, 36, 37, 41, 42, 44, 45, 46, 48, 48, 49, 49, 50, 50, 51, 52, 53, 54, 56, 57, 57, 57, 59, 60]
[0, 0, 1, 3, 4, 5, 5, 6, 6, 8, 8, 11, 14, 16, 16, 17, 19, 20, 21, 21, 21, 21, 21, 22, 25, 26, 27, 28, 28, 30, 31, 35, 35, 37, 39, 40, 40, 40, 42, 44, 46, 46, 46, 46, 47, 51, 51, 52, 52, 52, 52, 53, 53, 53, 55, 55, 55, 56, 58, 59, 59, 63, 64, 64, 65]
[1, 1, 1, 3, 4, 4, 6, 6, 6, 8, 12, 14, 14, 16, 16, 16, 17, 17, 18, 18, 20, 20, 21, 21, 23, 24, 25, 29, 29, 30, 30, 31, 32, 33, 34, 35, 37, 37, 38, 38, 39, 39, 39, 40, 40, 41, 43, 43, 44, 47, 48, 49, 50, 51, 51, 53, 54, 54, 54, 55, 56, 58, 61, 63, 63, 65, 66, 67, 69, 69]
[1, 1, 1, 2, 3, 6, 6, 7, 9, 10, 11, 12, 14, 14, 14, 14, 15, 16, 17, 18, 18, 18, 19, 20, 20, 20, 21, 23, 24, 24, 26, 26, 27, 27, 28, 28, 30, 31, 32, 33, 37, 37, 37, 38, 38, 39, 39, 40, 40, 41, 41, 42, 44, 45, 46, 48, 48, 49, 49, 56, 58, 58, 60, 62, 63, 67, 68, 68, 70, 70, 72, 72, 73, 73, 74]
[0, 0, 1, 1, 1, 1, 1, 3, 3, 4, 5, 6, 8, 9, 10, 11, 13, 13, 14, 14, 15, 16, 17, 18, 20, 21, 21, 21, 23, 27, 32, 33, 33, 33, 34, 36, 37, 38, 38, 39, 39, 39, 40, 40, 41, 41, 42, 42, 42, 42, 43, 43, 44, 44, 45, 48, 49, 50, 50, 54, 55, 58, 59, 60, 60, 60, 63, 64, 66, 67, 72, 72, 75, 75, 76, 77, 78, 78, 79, 80]
[1, 1, 2, 3, 3, 3, 8, 12, 13, 14, 15, 15, 16, 17, 18, 20, 22, 25, 25, 29, 29, 31, 32, 32, 34, 34, 35, 35, 36, 40, 40, 40, 41, 41, 44, 44, 45, 45, 45, 47, 47, 48, 49, 49, 50, 51, 51, 54, 55, 58, 58, 58, 58, 59, 61, 62, 62, 64, 65, 65, 65, 66, 68, 69, 69, 71, 72, 73, 74, 74, 75, 75, 77, 77, 80, 80, 81, 82, 82, 83, 83, 84, 84, 85, 85]
[0, 1, 1, 2, 2, 2, 7, 7, 9, 9, 9, 10, 13, 13, 14, 15, 15, 16, 16, 17, 19, 19, 21, 22, 23, 25, 25, 27, 27, 27, 28, 28, 28, 29, 30, 30, 30, 30, 30, 31, 32, 32, 36, 37, 38, 38, 39, 40, 41, 44, 44, 46, 47, 49, 49, 51, 51, 52, 54, 54, 55, 60, 63, 66, 68, 69, 70, 70, 71, 74, 74, 75, 78, 79, 79, 80, 81, 81, 82, 82, 82, 83, 84, 84, 85, 85, 86, 87, 88, 90]
[0, 1, 2, 2, 3, 5, 5, 5, 7, 7, 8, 8, 9, 9, 10, 10, 10, 16, 18, 18, 18, 19, 19, 19, 19, 24, 24, 25, 25, 26, 29, 31, 31, 31, 31, 31, 32, 33, 34, 34, 37, 37, 39, 41, 41, 43, 43, 46, 47, 50, 50, 51, 51, 52, 53, 55, 55, 60, 62, 62, 63, 64, 64, 65, 67, 67, 68, 68, 69, 71, 71, 74, 75, 75, 76, 76, 76, 77, 82, 82, 82, 83, 85, 88, 88, 88, 88, 90, 91, 91, 91, 92, 92, 94, 95]
[0, 1, 1, 1, 1, 6, 8, 8, 11, 12, 13, 14, 15, 15, 15, 16, 16, 17, 18, 19, 21, 21, 22, 22, 23, 24, 26, 26, 26, 27, 31, 31, 32, 32, 34, 37, 38, 39, 40, 42, 43, 43, 44, 44, 45, 46, 49, 50, 51, 53, 54, 55, 55, 56, 57, 58, 58, 60, 61, 62, 63, 63, 64, 66, 66, 67, 68, 71, 71, 71, 72, 73, 73, 74, 74, 77, 77, 78, 81, 81, 82, 83, 83, 83, 84, 85, 88, 88, 89, 89, 91, 92, 92, 93, 97, 97, 98, 99, 100, 100]
[0, 2, 2, 2, 2, 3, 3, 3, 3, 5, 6, 6, 7, 9, 10, 11, 12, 12, 14, 16, 19, 21, 22, 22, 24, 25, 26, 29, 30, 32, 34, 35, 35, 37, 38, 39, 39, 40, 40, 41, 44, 44, 44, 46, 50, 50, 51, 51, 51, 51, 51, 52, 53, 53, 55, 55, 55, 56, 57, 57, 57, 58, 58, 58, 61, 64, 64, 67, 67, 69, 69, 69, 69, 70, 72, 73, 73, 75, 76, 76, 76, 76, 79, 80, 81, 83, 85, 88, 88, 89, 89, 91, 93, 95, 96, 96, 97, 99, 100, 100, 100, 102, 102, 103, 104]
