[1, 2, 2, 4, 5]
[1, 2, 2, 4, 6, 8, 9, 9, 10, 10]
[3, 3, 4, 5, 5, 6, 6, 7, 7, 7, 8, 10, 11, 11, 13]
[0, 0, 1, 2, 2, 3, 4, 4, 5, 7, 9, 9, 10, 10, 11, 11, 17, 18, 20, 20]
[0, 3, 3, 4, 4, 6, 7, 8, 9, 10, 10, 11, 11, 13, 15, 16, 16, 16, 19, 19, 20, 20, 24, 24, 25]
[0, 0, 1, 1, 1, 2, 6, 9, 11, 11, 11, 11, 13, 16, 16, 17, 18, 19, 19, 19, 20, 20, 21, 21, 23, 23, 27, 28, 28, 30]
[0, 0, 1, 2, 2, 3, 4, 5, 9, 10, 13, 15, 16, 18, 18, 19, 19, 19, 20, 23, 23, 23, 23, 23, 25, 25, 27, 30, 30, 32, 32, 33, 33, 35, 35]
[0, 0, 1, 3, 7, 7, 10, 10, 13, 15, 17, 17, 17, 17, 17, 17, 18, 19, 19, 22, 23, 24, 24, 25, 26, 27, 27, 28, 28, 29, 32, 32, 32, 36, 36, 37, 38, 38, 39, 40]
[0, 0, 0, 1, 2, 3, 4, 4, 4, 5, 5, 5, 8, 8, 10, 14, 14, 15, 17, 18, 19, 19, 21, 21, 22, 23, 23, 25, 26, 27, 27, 28, 30, 33, 35, 36, 38, 38, 39, 41, 42, 43, 43, 44, 44]
[2, 2, 4, 5, 5, 5, 6, 8, 8, 11, 12, 12, 12, 12, 13, 13, 14, 14, 14, 16, 18, 20, 20, 21, 22, 22, 22, 23, 23, 23, 26, 28, 28, 29, 29, 32, 32, 32, 33, 33, 35, 35, 36, 38, 38, 38, 43, 44, 46, 49]
[0, 2, 2, 3, 3, 4, 4, 6, 8, 9, 10, 10, 11, 11, 12, 14, 15, 17, 18, 21, 21, 23, 23, 23, 24, 25, 25, 26, 29, 31, 32, 34, 35, 37, 38, 39, 40, 40, 41, 41, 41, 42, 42, 44, 47, 47, 48, 49, 50, 50, 50, 52, 54, 54, 54]
[0, 2, 4, 4, 5, 5, 5, 6, 10, 12, 12, 13, 13, 14, 15, 15, 16, 16, 18, 19, 20, 20, 21, 21, 23, 23, 23, 23, 24, 24, 25, 29, 29, 30, 32, 32, 33, 35, 36, 39, 39, 39, 41, 44, 47, 48, 48, 49, 49, 51, 51, 52, 52, 53, 54, 55, 55, 57, 60, 60]
[0, 1, 2, 3, 5, 6, 7, 7, 7, 8, 8, 11, 11, 12, 12, 13, 13, 16, 17, 17, 21, 22, 23, 24, 24, 24, 25, 25, 27, 27, 28, 30, 32, 33, 34, 34, 34, 35, 36, 36, 37, 37, 38, 39, 41, 41, 44, 44, 46, 47, 48, 48, 49, 49, 53, 54, 55, 56, 57, 57, 60, 61, 61, 64, 65]
[0, 1, 1, 2, 2, 5, 5, 7, 7, 9, 10, 12, 13, 14, 14, 14, 14, 16, 18, 20, 21, 21, 22, 22, 22, 25, 27, 27, 27, 30, 31, 33, 33, 34, 35, 35, 37, 39, 39, 39, 42, 42, 43, 44, 44, 44, 45, 45, 47, 48, 50, 51, 55, 55, 58, 58, 60, 60, 61, 63, 63, 63, 64, 64, 65, 66, 66, 66, 67, 69]
[2, 2, 2, 4, 4, 4, 5, 5, 5, 6, 6, 7, 12, 12, 13, 14, 15, 16, 16, 17, 17, 17, 17, 18, 20, 21, 22, 23, 24, 25, 25, 25, 26, 28, 29, 30, 30, 30, 30, 31, 32, 34, 36, 36, 36, 37, 38, 43, 44, 44, 49, 49, 49, 49, 52, 53, 55, 55, 57, 58, 58, 60, 64, 65, 65, 66, 68, 71, 71, 72, 72, 73, 74, 74, 75]
[0, 3, 4, 4, 4, 5, 8, 8, 8, 9, 10, 10, 12, 12, 14, 15, 15, 15, 16, 17, 19, 21, 24, 24, 25, 26, 26, 27, 27, 29, 29, 29, 30, 31, 31, 33, 40, 41, 42, 45, 47, 47, 47, 48, 49, 50, 51, 52, 52, 53, 54, 55, 55, 55, 56, 57, 57, 60, 62, 63, 65, 67, 68, 71, 71, 71, 74, 74, 74, 75, 75, 75, 77, 77, 78, 78, 79, 80, 80, 80]
[0, 0, 0, 1, 1, 2, 2, 3, 4, 4, 4, 4, 5, 6, 9, 15, 16, 16, 17, 18, 20, 22, 23, 24, 25, 29, 29, 29, 31, 31, 32, 32, 32, 34, 35, 35, 36, 39, 40, 42, 42, 44, 45, 46, 46, 46, 47, 47, 48, 49, 51, 52, 52, 53, 53, 55, 55, 56, 56, 57, 60, 60, 62, 64, 64, 65, 65, 66, 68, 68, 68, 68, 69, 70, 71, 76, 77, 79, 80, 81, 81, 81, 83, 83, 84]
[0, 2, 2, 2, 3, 3, 3, 3, 3, 7, 10, 10, 10, 11, 11, 11, 12, 14, 14, 15, 17, 17, 18, 20, 21, 21, 23, 27, 27, 28, 28, 28, 29, 29, 29, 32, 32, 32, 33, 33, 34, 35, 36, 36, 38, 38, 40, 40, 41, 50, 52, 53, 53, 54, 55, 55, 56, 57, 58, 59, 61, 61, 62, 62, 63, 64, 64, 64, 64, 65, 66, 67, 68, 70, 71, 71, 71, 73, 74, 74, 75, 77, 78, 78, 79, 81, 86, 89, 89, 90]
[3, 4, 4, 5, 5, 6, 7, 8, 8, 8, 10, 11, 14, 14, 16, 17, 18, 18, 20, 22, 24, 24, 24, 24, 24, 24, 25, 25, 28, 28, 31, 31, 32, 33, 35, 35, 39, 39, 41, 43, 45, 47, 48, 48, 49, 50, 50, 52, 52, 53, 53, 55, 55, 55, 55, 56, 56, 57, 58, 59, 60, 60, 64, 64, 66, 66, 68, 69, 70, 70, 72, 72, 74, 75, 76, 76, 77, 78, 79, 82, 82, 83, 83, 83, 86, 87, 89, 90, 91, 91, 93, 94, 94, 94, 95]
[1, 3, 4, 7, 8, 10, 13, 14, 15, 16, 16, 17, 17, 18, 19, 19, 19, 20, 20, 21, 22, 22, 22, 23, 24, 26, 27, 28, 28, 29, 30, 31, 34, 34, 34, 34, 35, 37, 39, 40, 40, 41, 41, 41, 42, 43, 43, 44, 44, 45, 47, 49, 49, 50, 50, 52, 52, 53, 54, 57, 58, 58, 59, 60, 60, 61, 62, 63, 66, 66, 68, 68, 71, 71, 71, 73, 73, 79, 81, 81, 84, 84, 86, 86, 88, 88, 88, 89, 90, 90, 92, 92, 93, 93, 95, 96, 98, 99, 100, 100]
[1, 1, 1, 1, 2, 3, 4, 4, 5, 6, 9, 10, 10, 12, 12, 13, 14, 18, 18, 19, 19, 21, 21, 21, 23, 24, 25, 27, 30, 31, 31, 33, 33, 33, 35, 37, 37, 39, 39, 40, 41, 41, 43, 44, 44, 46, 47, 48, 49, 49, 50, 53, 54, 55, 55, 57, 57, 58, 58, 61, 61, 64, 64, 64, 65, 65, 65, 65, 67, 67, 69, 70, 70, 70, 70, 71, 71, 73, 73, 74, 76, 76, 78, 84, 84, 85, 87, 87, 88, 89, 89, 89, 90, 91, 92, 92, 92, 94, 98, 98, 98, 99, 101, 102, 105]
